 1.76900000e+01 5.35900000e+01 1.00000000e+00
 1.97500000e+01 4.65300000e+01 6.00000000e+00
 2.06300000e+01 6.38900000e+01 4.00000000e+00
 1.29800000e+01 2.12200000e+01 1.00000000e+00
 2.44600000e+01 2.68100000e+01 4.00000000e+00
 7.98000000e+00 3.50500000e+01 4.00000000e+00
 2.97600000e+01 8.94900000e+01 1.00000000e+00
 2.94600000e+01 8.12500000e+01 6.00000000e+00
 1.29800000e+01 9.75000000e+00 6.00000000e+00
 6.00600000e+01 1.00400000e+01 1.00000000e+00
 6.68300000e+01 2.06400000e+01 6.00000000e+00
 7.71300000e+01 6.83000000e+01 1.00000000e+00
 7.53600000e+01 4.91800000e+01 4.00000000e+00
 4.15300000e+01 2.12200000e+01 4.00000000e+00
 3.15200000e+01 3.53500000e+01 6.00000000e+00
 4.00500000e+01 3.50500000e+01 6.00000000e+00
 4.09400000e+01 4.68200000e+01 4.00000000e+00
 3.59400000e+01 5.47700000e+01 6.00000000e+00
 7.74200000e+01 2.68100000e+01 4.00000000e+00
 7.39000000e+00 7.56600000e+01 4.00000000e+00
 5.15300000e+01 7.21300000e+01 4.00000000e+00
 5.47700000e+01 6.30100000e+01 6.00000000e+00
 7.53600000e+01 8.74300000e+01 6.00000000e+00
 6.35900000e+01 4.15300000e+01 6.00000000e+00
 2.79900000e+01 7.30100000e+01 5.90000000e+01
 1.71000000e+01 3.65200000e+01 5.90000000e+01
 8.28000000e+00 5.62400000e+01 5.90000000e+01
 6.68300000e+01 3.06400000e+01 5.90000000e+01
 6.62400000e+01 7.15400000e+01 5.90000000e+01
 5.41800000e+01 5.24100000e+01 5.90000000e+01
 4.15300000e+01 6.65400000e+01 5.90000000e+01
 4.77000000e+01 9.45000000e+00 5.90000000e+01
 5.38800000e+01 3.47600000e+01 5.90000000e+01
 3.00500000e+01 1.12200000e+01 5.90000000e+01
 7.97800000e+01 1.51000000e+00 5.90000000e+01
