[(19.75, 46.53), (17.69, 53.59)]
[(20.63, 63.89), (17.69, 53.59)]
[(12.98, 21.22), (17.69, 53.59)]
[(24.46, 26.81), (12.98, 21.22)]
[(7.98, 35.05), (12.98, 21.22)]
[(29.76, 89.49), (17.69, 53.59)]
[(29.46, 81.25), (29.76, 89.49)]
[(12.98, 9.75), (12.98, 21.22)]
[(60.06, 10.04), (12.98, 21.22)]
[(66.83, 20.64), (60.06, 10.04)]
[(77.13, 68.3), (29.76, 89.49)]
[(75.36, 49.18), (77.13, 68.3)]
[(41.53, 21.22), (60.06, 10.04)]
[(31.52, 35.35), (24.46, 26.81)]
[(40.05, 35.05), (31.52, 35.35)]
[(40.94, 46.82), (40.05, 35.05)]
[(35.94, 54.77), (40.94, 46.82)]
[(77.42, 26.81), (60.06, 10.04)]
[(7.39, 75.66), (17.69, 53.59)]
[(51.53, 72.13), (77.13, 68.3)]
[(54.77, 63.01), (51.53, 72.13)]
[(75.36, 87.43), (77.13, 68.3)]
[(63.59, 41.53), (75.36, 49.18)]
[(27.99, 73.01), (29.46, 81.25)]
[(8.28, 56.24), (17.69, 53.59)]
[(66.83, 30.64), (66.83, 20.64)]
[(66.24, 71.54), (77.13, 68.3)]
[(54.18, 52.41), (54.77, 63.01)]
[(41.53, 66.54), (51.53, 72.13)]
[(47.7, 9.45), (60.06, 10.04)]
[(53.88, 34.76), (63.59, 41.53)]
[(79.78, 1.51), (60.06, 10.04)]
