60.96365291930813 23.27909710055436 15
64.78540472638447 5.952110911687781 43
85.61029721295554 54.864321097046755 1
91.14923249240357 57.05199278429054 11
60.670444675478244 18.470009936952202 35
35.62735070620595 89.85442789025936 73
55.11969319226914 88.1139668134878 20
6.854302177062943 37.86132784982854 16
13.13013613285433 6.75842474208147 64
12.01406928484683 14.639582398886297 27
61.52909979698605 5.3418160954314615 18
73.570153299047 8.911612357715981 63
84.36388192340884 76.9357988681554 74
14.080862952325035 16.24178133244515 43
94.82794854184856 17.14263018639248 22
13.98778235885213 41.47865105763272 8
39.873341571598374 38.638820062429765 40
68.96322928005478 9.093191894464447 23
34.53559838740811 31.250708408221673 18
27.951446272752424 44.48680314992829 45
1.0398404016699225 38.092406717445556 43
53.828616180800736 22.79862784359674 28
67.66858022589251 96.30678726323373 77
10.414590401772816 32.14602150308428 2
49.273153602289725 32.83153820855921 35
73.58468016865409 24.428207620733943 60
6.4941693512331256 59.617931811173776 23
47.50054743993639 59.172068349135145 7
55.29969793313645 23.899828926281653 41
24.715742602695656 17.79375841001705 69
71.14068913433698 90.36298284704087 41
35.7660008072221 62.63213346006121 5
79.97030079779347 8.329159102080686 43
60.16119364413842 22.32514169817954 16
8.860193117516847 48.65030983879075 31
27.52828731459299 36.33072860237472 8
81.39234331254744 85.7477773491442 47
72.62297383894817 28.74932704876735 55
55.05495157246452 61.4414020515785 28
54.18328325717573 36.46535118042181 74
63.48675205653104 45.60900501526378 12
23.180844557740286 71.86983700870775 26
60.576339874115035 54.22118042855198 46
90.66988500681032 31.668777993863383 60
40.26988105039992 74.57199970405546 55
94.21975065009384 82.53639181510162 70
17.68374172199836 99.11550030915947 70
90.72509296076493 44.20535928468843 74
16.36055404519352 80.09950568635283 20
40.165620118671775 17.73749926675504 9
68.3295082982037 84.7062999308884 57
34.30856727920606 42.81534768941037 13
20.173167116200542 23.531044482181805 19
46.861166876465 74.36157818997336 46
94.70500114968497 86.42552398620906 23
76.12497146347586 94.49449325389382 29
85.8367561395617 11.878538650801474 47
95.18298622166611 41.72781862790437 41
15.403256014577305 93.776323680306 33
92.28428634013257 46.69121476484271 50
63.851403056487 92.9586333235381 77
41.29301337386887 79.08728676101563 20
30.918124809221602 94.1955420604539 25
16.671673672808772 4.7838817950515145 13
87.17790083938407 47.300602863737474 53
53.18740418187503 93.07516770791709 58
42.633227882451806 36.802662863472456 59
97.2168021819115 87.49263791189303 14
11.647597302721834 44.285069150883686 59
70.97292566035888 20.727170706850472 61
85.605624085196 14.616113200992608 37
64.51719516200417 30.30731227019725 58
98.921374840818 76.19049534458541 53
21.6998814663956 81.10329509217108 22
0.06033750963760909 48.88238708325675 1
75.23599703165517 68.52049748758076 32
36.88585927933653 19.638881975283972 13
33.06772807782282 20.281323681762643 68
30.67265649544636 84.31287021609944 30
66.98753957570567 99.3572550809442 53
63.56415356949954 27.94986070021267 41
38.77359312325367 72.67178598831589 32
27.231676563888506 4.78895512472528 70
15.019640210534158 36.60455083561137 57
83.54429632147222 34.39593315470019 67
4.296902717513163 1.2914111518942728 5
87.55964509808467 25.641175243897706 42
47.431637723245665 47.55996348431728 1
69.28919670248254 56.11336144222601 28
7.514445200661346 98.9511001287885 70
78.95426272633209 74.48711566701806 74
95.79397581014348 38.55648457391464 69
81.25134434628369 36.26958711483776 31
27.435819032053555 90.17347799623333 16
72.20154395715643 6.734223230604974 28
18.88293067159269 42.35747212851984 10
0.3002032243488162 20.35874915712942 22
56.670675457300334 46.889569337926126 22
78.19769061546644 73.73252227814106 26
41.43832222220675 25.568024988315273 55
